³ ruficorne 156, 331,

¹ 1071.

: 1011001016 20, 46, 57,
74, 94, 129, 156,
160, 238, 250, 307,
319, 331, 354, 357,
413, 415, 416, 448,
459, 502, 531, 587,
599, 621, 633, 663,
664, 689, 693, 724,
749, 788, 793, 835,
982, 1071, 1084.

10110016 103, 117,
749.

1060016106 733, 758.

10110016 174, 554.

rufieoxis 173, 174,
387, 483, 546, 554.

101100ιο10 103.

1011001106 546, 664.

10110106 85, 244, 546.

10611606 982.

1011110166106 982.

101111016οη1 217.

1011160101 103.

10011006 587, 982,
983.

1011366161 214, 363,
403, 587.

10113606 983.

1061611116 342.

rufilimbatus 758.

1011011106 125.

1011016006 125.

101106 374, 502.

rufinus 48, 151, 332,
374, 700, 627, 641,
940, 981, 983.

1061160106 402, 1029,
1084.

rufipedator 862.

1011060016 614.

rufipes 4, 8, 17, 38,
44, 57, 75, 103, 113,
119,131,144,151,
205, 231, 250, 300,
366, 368, 383, 395,
403, 409, 415, 416,
448, 502, 512, 513,
518, 529, 531, 532,
567, 615, 633, 664,

36316161.

724, 733, 739, 740,
749,770,772,764,
793, 635, 973, 983,

1082.
ruflpictus 512.
1011016016 448.
rufipleuralis 415.
1060160116 17.
101160016116116 415.

1116161611 502, 963,

1062.
1001001601006 300.

1061110161 186, 518,

546, 664, 1041.
16611611 983.

rufiventre 103, 170.
1001601116 3, 43, 66,
103,108,241,307,
319, 363, 393, 415,
531, 535, 555, 633,
664, 740, 758, 781,
788, 793, 983, 984,

1020, 1037.
10112οο6106 835.
1010600016106 587.
rufobruneue 7 73.

rufobrunneus 773.
1010010016 86.

101οο100106 250, 278,
363, 626, 627, 664.

rufodorsatus 587.
101016601616 415.
10101610οη106 74.
1010366161· 633.
rufogibbosufl 266.
10101611116 280.
rufolimbatus 587 .
10ἰοΗο66106 978.
1010016001616 804.
10100160016106 218.
10100161310616 415.
rufomedia 502.
rufomixtue 363.

10ίο01301 57, 151 ,
350, 448, 587, 708,
757, 821, 829, 670,

1008.
101οο1316 448.
1010001616 280.

101οο016106 250, 280,

300, 342.

rufopeotum 1071.

1010060106 282, 300,

446, 1071.
rufopedibus 399.
rufopietus 350.

nffotimtus 546, 633.

rufovariegatt 448.
rusulum 170.

rufinus 29, 57, 311,
633, 664, 693, 1022.
rufum 103, 169,176,

266, 1071.

rufus 57, 62, 60,162,
184, 214, 231, 266,
311,346,531‚587,
640, 664, 671, 766,
612, 1040, 1062,

1071, 1087.
1031001116 300.

103111016οω 1074,
1075.

rugifer 151, 176, 664.

1031161001 176.

rugiit-ona 664, 767,

1 084.
1031960106 693.

103066 536, 1052,

1084.
10306010 48.

1030606 48, 195, 300,

476, 898, 1027.
10301066 103, 415.

1030106010 103, 1071 .
1030101106 151, 693,

714, ’1071.
101ᾱο660616 984.
10ρί060160616 524.
10606101 392, 393.
russatus 984.
10660106 984.
1061106 601.

1661161161 587, 984.

1061106106 749.
1061ἰο61166 693.

10611006 386, 390,391,
524, 601, 633, 835.

1011161 32.
rutilans 911.

rutilatur 294, 297,
299, 300, 301, 302,

303.

1131

101116106 83 5.
1011106 984.

861101060ιο 1072.
6611010606 36.
saevus 984.
8113611116 114, 132.
sagax 478, 479, 546.
663106106 241, 242.
66311161106 108.
sagittator 984.
663166 448.
saguenayennis 984.
66306 984.
6611106131 265, 266.
saint-cyri 396.
6611061011οε 818, 927,
959, 960.
6611010016 103.
661101001οη1 103.
6611016 57, 415.
661106 724.
6611661 984.
6610010016 8.
6611606 526.
saltator 43, 984.
salutator 936, 984.
66111011 984.
salvus 984.
6610166 587.
eanetihyaeinthi 356.
6600106 546.
sanderi 587.
sandix 938.
66030106101 693, 985.
66030106101ἰο6 319,
827.
6611301066 331.
sanguineum 331.
6603010606 327, 331,
546, 842.
66030101001116 269.
660301010016 131.
sanguinipes 273, 448.
sanguinolenta. 613.
66030100100106 611,
613.
sanguineam! 261 ,266.
sannio 232, 810.
860116 275.
860106 275.

