multipictus 506, 544,
999, 914, 953, 991.

multiphgfiatus 953.
multipunetor 458.
multon· 909.
mundator 223.
mundatus 953.

³ mundulun 953.

’ 11111111111111159.
³ mundus 159, 348,

349, 999.

’ munerator 953.

111111192οω· 954.

³ munificus 954.

munitus 954.

ι munkii 954, 1021.
r murm-ius 954.
› murex 771.

11111ῐί99999 580.

: muricifer 747.
, murina 490, 481.
murinus 298,480,491.

ε murorum 580.

111119911 441.
11111990112191199 168.

,⁵ mustela 954.
2 mutabilia 116, 317,
689, 746, 747, 748,

, 749, 997, 999.
. mutanda 500.

mutator 354.

; mutiens 785, 824.
, mutilatus 65, 299.
, mutilis 4.

Mutina 394, 615.

mutium-iun 630, 631.

11111ιῦ19102 631.

11111111191119 65.

J Myrinthrue 16.

’ myrmecium 629.

Γ myrmeooleontidum

580.

¹, myrmeleonidmn 580.
' myrmeleontin 580.

³ myrtillue 147.
¹ mystica· 747.

’ Hadia 508.
j Nautes 671.
' naevius 375, 376,

954.

Regi-uer.

119119 130, 1082.
modes 658.

11911119 31, 130, 629,

999, 747, 994.
1191199119 263, 854.
napifomio 580.
Ν929ορ099 290.
narrator 362, 939.
narratoria· 581.
naaion 954.

monii 20, 321, 329,

382.

nautu- 29, 292, 299,
494, 999, 999, 794,

799, 775.

119191911ιί9 3, 187,

058.
natalicus 8.

natatorius 832, 833.
navus 12, 475, 629,

731, 954.
1999199 290.
Nea-tua 252.

119529911911219 335,

11952ιί9102 954.
nebulosus 658.

necator 204, 205, 206,
441, 480, 658, 658,

954.

119991021119 202, 204,

206.
1199911 629.

nefastu- 22, 147, 731.
119891οή119 824, 825.

neglecta 111, 601.

neglectus 230 , 362,
363, 600, 601, 731,

· nigerrimus 544, 581,

Ν919899 303.
Neleophron 698.
Neleothymuo 351.
Neleopisthus 509.
nemeti 263, 299.
1191119919οω 659.

Nematomicrus 753.
Nematopodius 549,

558, 713.

nemotorum 99 , 528,

689.

catalogus Hymenopteromm. ΠΙ.

Nemeritie 113.
Nemioblutun 21.
nemophilus 731.
nonerunt 35 , 227,
249, 349, 367, 808.
119119 659.
Neoeryma 310.
neophytes 722.
Neopimpla 461.
Ν901119201119 463.
Neotypn· 777.
nepe 442.
119111ιώ0019 99.
Ν9ρ1929. 112.
1891119999 122.
nepotor 855.
nerenii 955, 978.
1192711109 65.
nostor 955.
Natalia 77, 82.
Nemeteloe 233.
Nemateln· 225.
neustriae 322.
neutralia 855.
nond-ansis 3, 205.
nim-agnensis 539.
nidulator 150, 195,
196.
nigellus 318, 955.
niger 8, 24, 73, 147,
179, 180, 186, 219,
263, 299, 306, 380,
397, 913, 517, 922,
528, 630, 644, 659,
678, 689, 720, 7 22,
731, 789, 780, 803,
999,994, 1999,
1059,1077, 1086.

630, 722, 862.

111829 2, 185, 330,
500, 517, 679, 716,
775 1043.

939, 955, 991.
1118299021119 936, 955,
997, 991.
nigratus 263 , 748,
955.

1121

1118290 333.
nigrescens 689, 1069.
1118219919999119 581.
nigricans 8, 42, 79,
199, 217, 442, 479,
614, 659, 830, 955.
nigricat-pun 76, 341.
nigricantis 8, 196.
nigricaudun 8, 812,
819, 917, 921.
9182199119 31, 38, 55,
59, 366, 402, 442,
451, 475, 534, 659,
689, 699, 1051.
1118219111999 89.
1118219199111111 99.
1118219οΠ19 279, 377,
467, 699, 772, 773,
785.
111821902119 161, 330.
1118219021119 31, 46,
161, 196, 230, 237,
238, 306, 330, 373,
399, 404, 408, 442,
443, 484, 517, 576,
581, 585, 606, 615,
630, 659, 691, 708,
732, 749, 755, 825,
844, 924, 955, 1992.

1118219019. 99, 121,
356.

9182190291119 722.
111821110κί9 522, 722,
739, 1051.
111821901111111 99.
9182190209 230, 581,
722.
111821119119 117, 273,
500, 509, 748.
nigridorsis 1053.
nigrifemoratn· 955.

11182119111112 357, 870,
1921, 1922.

nigrifione 31 , 173
219, 319, 339, 351,

825.
1118211111 413.

11182111102 827.
nigrinus 299, 773,

927, 851.
nigripalpis 213, 321.
71

