1 096

bipunetator 864.
bipunetatum 323·

bipunetatnu 30, 254,
292,376,667,761,
803, 832, 864, 869,

946.

6166666611116862,864.

6166666116 828.
bipmtulata 1.

bipmtulntuss 15,807,
864

61666661666 351.
binnnulatuu 351.
6166111116116 292.
binentatun ¹353.

biaigunta 1021, 1046.
biuigmtun 254, 742,

864, 892, 1021.
6161116616 417.
bispina 1636.
616ρί11616τὶ116 864.
616Ρ166ω6 682.
bispinu· 229, 711.
6166116166 21.

bintrigata 494, 557.

biutrigatus 557.

bistrigouun 144, 834,

6161116116 436.
6111666116 682.

bitubereulatus 835,

1059.
bituminoms 347.
6171116611· 348, 710.
6171176616 494.
6166116116 726.

6166661166 235, 236.
6166116616 803, 865.

6166116616ἰί 91.
616661 682.
6161166611111 865.
blanda 507.
blandiens 835.
blandii 865.

blandita 779, 1042,

1043.

blanditu· 533 , 563,

779.

‘blandus 151 , 507,

619, 726, 736.
Blapsidotes 672.
Blapticus 13, 26.

Resistet.
brwhypterum 163, 616711161ρί. 255.

Bltptoeampun 161.
6166611616 424.
61611661 865.
Boethus 276.
bogotenni· 1043.

66661116111111 284, 337,
461, 762, 763, 666.

66161 316.

bolimi533‚ 742, 777,

11011ρέ1611ιί· 1046.
6616611 1032.
bombycis 563.

66166γ61761116 187.
66661111 716.

boopa 39, 40, 34, 401.
boreale 43, 175, 330,

1065.

boreali· 19, 32, 114,
226, 246, 264, 336,
337, 361, 469, 663,
662, 644, 766, 726,

781, 803, 1064.
6616611116 865.
66166616 332.
Β661111116 136.
Β6611116661116 5.
661116ιί 318.
66761 254, 563.
66711 254.
braccata 84.
6166666116 84, 292.
6166616161 188.

brachyaeanthus 255,
292, 293, 933, 951,

braehyoentra 507.

Brachyeentruu 394.
brachyoentrus 94,

396, 639.

Brachyoephnlun 671.
6166676616 132, 424.

brachyeerus 77.

Braehyeoryphue 536.
Β16611γο1611111111 671.

Bmhyeryptua 551.
Braehyoyrtus 639.
61666γογτω11 644.
Brachygaster 1076.

brachygauter 38, 539.

61666γί66116 384.
brachyptera 706.

 

Βὲίἰγρῐεωι 846.

braehypteruu 705,

703, 934.
braehypus 255.
616667661116 603.
brachyatyln· 1079.
bmhyun 91, 339.
braehynrumm,1065.

bnehyurm 21, 610,

619, 332, 666.

Β166611 5, 390, 640.
6166611611166424,428,

449.
616611166116 7.
61661116666 1065.
basilien-iu 7, 424,
1036,1046,1065.
616661661166424, 425.
Β16111161611116 313.

bnunsii 39, 161, 505,

533, 1043, 1047.

Bremia 313.
3161616116 313.

Brephoctonus 13,

225, 234.
61676 208.
6167161661617116 644.
breviator 163.

6ην1.ωήω163,·666.

61671661661 220.

brevianda 40, 91,

486, 564, 644.
breviandum 91.

6167166611116 40, 865.
6167166116 154, 619.

616716111116 865.
brevieinotor 866.
6167166116 163.
61671661116 52.
6167166166 163,166.

61671661616 31, 85,

139, 236, 388, 397,

403, 409, 425, 470,
664, 666, 697, 766,

776, 772, 662.
6167166166 310.
brevigena 52, 337,

866.

616718611116 52.

bremam· 546561. .

332.

brevi. 38, 203, 2⁵5 Ν
367, 619, 662, 711:
713, 727, 666.

breviscapun 718.

brevi-en 91 , 316
494.

brevi-etum 91.

breviep’un 202, 275.
276.

‘brevissimus 727.

brevit-nis 2³3, 255.
324, 661»κ

brevia-eulu- 293.
718.

111671761νί6 128.

616717661116337, 409-
‚⁵¹⁴² 377,1042

²

644, 662, 766, 644,

619,621,966,1667.
brentam 866.
6166116611116 564.
616111111 866.
61611661 1032.
61111161 139, 425, 457.

1032.
brumam 682.
61111166 425, 43⁰,514
bmneator 245.
6111ῃεί66116 764.
616661661616614364.
bmneipea 69 , 218.

644, 866, 1086.
616116176111116 210.

293, 564.
611111661116 866.
6111116111 401.
6111116116 6, 52, 519.
brunicam 324.
6111111166 425, 514.

