1124

Opisorhynsa 467.
00180708508 596.
0018511011ωο8 675.
0001185118 961.
oppositu· 690, 708.
opprimatur 742, 755.
optabilis 732.
opticus 264, 915.
00010058 310.

0001005οι 961, 962.

07850710. 822, 827,
828.

orbator 85.

0701001871. 642.

orbiculum· 660.

0711151110 168, 171.

orbitdi· 37, 48, 55,
56, 125, 250, 264,
274, 312, 341, 443,

481, 511, 548, 880,

708, 757, 785, 848.
0711158507 16, 972.
orbitat-orius 345, 346,

611.

0711158508 781.
0711118 46, 583, 765.
0700011118 735.
070001111οι 14, 722.
07080108 638.
orgyiae 56, 136, 443,

677.

0711185011 722.
orientale 1070.
orientalis 583, 803,

1038, 1040.
0711008 583.

0710108 341.
07188000818 511, 532,

962.
ermenus 828.
070858 3, 444,

070851007018 660,
1035, 1083.
07085117008 545.
070851000018 186,
583.
0708511108 454, 962.
0708507108 824, 825.
0708110108 550, 660.
0708508 35, 80, 237,

1051.
0708510008 660, 708.

ῑαηρεαηη

238, 335, 511, 520, Pachyoephalu· 690.

551, 585, 038, 878, paohylomems 8.

786, 828, 1000.
0700017118 769.
07057108 760.
orpheus 962.
0750818 1041.
0751ιί80108 672.

0151100011571088 225.

07511008057118 15, 225,

888, 838, 833, 834,

07311112081108 49.

0801118507 1019, 1020.

080018507 962.
0800185071118 70.
0801118508 583.
08 flavus 330.
Ooprynchotuu 598.
08 rufus 793.
ostentator 491.
ostentam· 213.
0580118508 676.
0510808 962.
0515001111118 303.
05100110708 308.
0500188508 311.
0500115118 1026.

05580αο0818 332, 630,

660.
008858 425.
07810 50, 273.
078111070118 690.

ovain 50, 873, 444,

690.

07858 101.
078507 774, 775.

ovatum 101 .

ovatus 222, 630, 664,

690.
07108507 962.

0717005718 697, 698,

962.
0717078 444.
07780805080 138,

143, 147, 148.
077108 101.
0770011008 660.
oxyn-hexis 405.
0775110018 713.
07750708 352.

0801191110ωο 536.

Pachynum 37, 525.

pachymeres 962.

Pachyonyx 225, 228.

pachynum 341.
08011108 224.

pacificus 37, 197, 241,
475, 583, 786, 963,

964, 1026, 1061.
1180507 786.
puden· 963.

pagana 121.

paganus 390, 839,

963.
palaemon 21.

08180011 168.
palandani 56, 638.

pallens 12, 197, 963.
0811080008 8, 65, 963,

1088.

08111850ήο8 828, 829.
pamm-pm 42, 660,

690.
1181110078 318, 767.
0811100708 690.
pauida 88, 318.
0811168507 963.
08111118507108 982,
983.
pallidam 786.

081111111181508508 535.
0811111108711118 42, 660,

690.
081111110071118 829.

081111110078 318, 767.
· 0811111100708 690.

08111ᾶίᾱοοι 7 86.

pauidifrons 878, 883.

pallidipalpie 768.

081111110005118 963.

0811161000018 238,
660.

0811101008 20, 24, 31,
43, 48, 58, 101, 185,
148, 187, 813, 818,
831, 838, 318, 404,

500, 513, 830, 880,

814, 1001.
0811111158780 168.

pfflidim-ia 31518. ἒ

punitum 160, 168.

pallidus ³5, 37, ⁵⁵
80, 187, 311535,

545,‚588880,751,

pdglistom 280, 93.
0811108101. 768.

0811100001. 238,ss ¹
pampo. 1², Ἀ, ²⁴- -
101, 125, 148,197, ,

813, 219, 831, 135,
848, 318, 354, ‹101-
500, 513, 639, GU,
814, 10181081.
pallitta-ee loe.
0811158781. 335, 953.
081117005ιὶ. 795.
pollonus 517.
08110871. 283.
palmarius 889.
0811007111 264.
08108118 65, 2³15&-
palpetor 621, ⁶³2
641, 645, 666, 9⁸2
palpatofius 963.
0810118507 977.
paludatus 545.
1181οὤ0018 108, 35ῗ,
1024.
palustri: 227, 318.
322, 613.
Panum-chun 507.
Pmmegisehin 1ὕέ-
Ρ801101078 312.
Ρ8101010708 312.

080180111ᾱο. 61, ἲῗ,
329.

Ρ81118011851,68,ἵὶ, ·

77, 82, 101,18’,

329, 352, Βδᾷδῖῗ-
pannicula-im 261.
Pantale- 407.
Ponti-arthro· 14.

Ρ8115011808 672.
Ρ8050007511118 277.

 

