412, 439, 472, 488,
544, 578, 838, 855,

707, 718, 1055.

10031660116606 6, 655.
longit-‚audis 145, 544.
1003166οᾱ06 55, 588,

721.

1011316606 442 , 688,

104 0.
longit-‚olle 1068.

1003160106 98 , 167.
1011316οω16 23 , 41,
98, 192, 212, 221,
230, 242, 262, 322,
328, 348, 356, 376,
397, 517, 655, 687,
771,821,941,1028.

10031601006116 262.

100313606 192 , 279,
322, 688, 821,1068,

1081.
longimanus 821.
longior 767.
10031061ρί6 941.
10031060016 655.

10031066 79, 120,121,
145, 167, 249, 278,
280, 298, 348, 544,

578, 941.
10031666606 941.

longincus 472, 473,

578.
100316666606 655.
1003160106 412.
1031601006 412.
16031661616 12, 79.

100317606116 237, 276.
265, 412, 439, 536,

739.
10031116 85, 412.

10030106 41, 85, 478,

628, 655, 767, 941.
lophyri 98, 310, 578.
Lophyroplectus 377.
lophyrorum 256, 286.
106660ῐί116 941, 942.

1665611031606 822.
10601106 942.
10511606 20.

lucens 230, 382, 439,

688.

Β6316661.

1061116 39, 1081.
1061116601· 534, 578.
1061110106 345, 346,
376, 828, 855.
lucidus 30, 35, 39,
212, 314.
lucifer 55.
10666 110.
luctatorius 799, 666,
679, 693, 961, 962,
963, 927, 948, 951,
996, 1003, 1008,
1011.
luctor 942.
luctuosa 439.
1066110606 35, 146,
262, 397, 544, 578,
932, 952.
106606 110, 822.
ludis 942.
ludius 578.
ludovicus 822.
103606 146, 1023.
1033611 407.
1030516601 942.
lugubre 1068.
lugubrius 116, 413.
1030511006 116.
lugubris 2, 79, 204,
354, 518, 578, 593,
628, 942.
11106116 262.
1006601· 481.
1001160616 655.
laniger 505.
10013616 505.
1001116606 204.
100011361 942.
1000113616 1053.
Luphyroseopus 377.
lurida 465.
1011116601 348.
luridus 14, 544, 882,
883.
lusitanus 822.
10601106 283, 289,
902.
lustrator 628.
lutatus 379.
10666 194, 330, 614,
1030, 1036.

10666601 942, 1030.

106616011116 298, 688,

746.

1 1066161006 253, 353..

10661066 55, 121, 146,
155, 473, 942.

106617606116 628, 655,

942, 943.
1066066056106 376.
1066016 457.
1066016601 50, 312.
1066016606 50.

10660106 37, 76, 320,

943.

1066οω613106606 31 1.

106600666οω 167.
10666066606 167.
106666606 380, 579,
628, 943.
1066010 167, 194, 330.
106606 75, 80, 81,193,
194, 196, 524, 614,
1026.
10601106 298, 1033,
1034.
luxuriosus 544.
lycaenae 655, 688.
Lyoogaster 1.
Lycorina 418.
lyeorinoides 412.
Lymeon 673.
lymphatus 943.
1571666 116.
lyratus 116.
Lysibia 675.
Lysiognatha 1089.
Ι1γ6103066111ᾶ661089.

Lytarmee 479.

1666116601 943.
macellus 579.
106661 47, 362, 473,
534, 628.
muneratoria· 943.
maceratum 167.
1066616606 146.
1066511016 943.
10665106601106 943.
1066501166ίί 458.
1066116066 755.

1117

1066116060. 146, 194,
544, 688, 755, 822,
943,1021.

106616 236, 412.

01661056606 598, 599.

10661066οω 113.

10661066061116 113,
317, 473.

10661066ρ11616 9.

106610660561010 119.

macrooephalus 119,
340, 822, 943.

10661066100110106
943.

10661066106 278, 943.

Μ6610611661006 29.

Μ6610601606 529.

Maeroeryptus 388.

macrodwtylus 370,
524.

10661οὰ6111ιο 1069.

Μ6610366661 614.

Maerojoppa 1042.

1116610ομ 1069.

1066101106 279, 943.

maeropygus 321.

10661066131116 35.

106610660106 130.

macrostylus 145,
1081.

1066101116 134, 601.

1066100106 541, 601.

1066101001 176, 194,
195.

mam-urus 8, 12, 55,
194, 195, 473, 544,
655.

Maurus 89, 529.

1116666601 146, 579,
943.

10661116 455, 655.

1066111666 2, 130, 499.

1066016601· 195, 439,
440.

106601660116 506.
1066016601106 440,
505, 506, 944.
1066016606 73, 130,
212, 243, 262, 298,
395, 550, 688, 944,

1061.

