1116

lenoodnctylun 297 .,
1666011061116 7.
16116ομ6161· 480.
leucogaea-icus 936.
leucogona 499.
leucogonos 452.
leneogmmmum 60.
166608166116116 60,
784.
leucographa 480.
1666010611116 936.
16660166166116 936.
1666016616. 577, 832,
936, 937.
1666016619. 85.
16660166166 85, 606,
654.
161160ρώ666 470, 937.
1666066111· 937.
leucophthalmun 937.
161190ρί6 912, 937.
1666960116, 499.
leucoprootus 577.
1611606616 233, 577,
844, 937, 991.
16660616166 477.

1611606116 534 , 543,

577, 592, 1966.

leucopyga 906.
leucopygus 261, 543,
577, 797, 996, 1926.
lenem-aphia 145.
1666011110116 937.
1666069166. 654.
leucostietimu 577.
1666061161116 298, 611,
667, 797.
leuoostigm8687,796.
leugostigmun 687,
796.

1666061016», 273, 904.

1666061οω66 26, 273,
306, 534, 591.
16660161666 577, 592,
937.
1611901οω66 577.
1666011066116 937 .
1611602066 499.
166902066111 412.
1666010661116 57 7.
16660106166 578.

1666020666 543.
1666111116 937 .
1676111661ἰί 578.
16716666 2, 49, 1068.
1671601116 31.
16716066 937.
levieoxatm 937.
leviculus 937.
levidormm 438.
1671110611 48 , 438,
937 .

levigata» 417 , 433,

516.
levigatur 72, 687.

levigatu· 219, 322,

654, 731, 746.
1671666166 261.
levipleuris 14.

levis 217, 298, 439,

731, 738, 938.
levinmula 309.

16716666166 35, 204,

317, 938, 1081.
leviventris 687.
16771611 938.
Ιιίαδο. 3.
limbus 654.
libellulo, 1086.
libens 938.
liberator 167.
liberatorium 167.
liberatoriue 167.
116111666161611 808.
1161161011116 938.
lictor 212, 938.
ligator 543.

ligatorium 842 , 938.

ligatus 721.
1136160111 439.
limata 374, 402.
limatus 374, 578,
667, 746, 936.
1116116116 499.
limbarius 499.
limbata 439, 520,
1049.
limbatellus 339, 340.
limbntoriua 938.
1116116166 31, 145,
349, 529, 654, 655,
938.

limbifronn 938.
1116661114116 98.

Limerodea 741, 645.
limitari· 375, 376,

731, 938.
11161766ὴί6 145.

Limnoria 83, 88, 89,
197,199, 111, 112,

113,114,116,129,
122,124,127,132,
137.

111666116610111116 462.

Limnerium 89.
limnobius 145.
limnophilus 821.
limosu- 317.
111661ᾶίρ66616 8.
Lindigia 1042.
116111ςί1 1049.

linearis 16, 49, 439,
472, 489, 493, 499,

549, 576, 627, 721,
735, 938, 1959.
lineata. 412, 465,

499.
lineatur 16, 17,192,

996, 997, 936, 939,

940.
11666101166 443, 940.
line-tulum 167.
1166616166 167.
1166111116 35, 79, 192,
239, 249, 472, 721,
950.
1166111066 212.
linei’ger 272, 340.
lineola 298, 1036.
lineolam 98, 484.

111160161616 98, 1055.

lineolam 79,96, 296,
784, 940.
lingum-ia 405.
linguarium 405.
lingulator 940.
linitus 261, 266.
Linoceran 598.
1109661616 940.
Liooryptus 557.
1210366161· 478.
1103116161· 116 , 687,
721.

liopleurit 41, 276.
369.
Liopsis 242.
1196161611· 261, 2ῖὶ
687.
lioctylun 655 ‚ 927.
940.
Liotryphon 478.
liparae 655.
lippmnis 578.
Ι,16606016 Μ, 405.
459, 488, 492, ⁵05.
596, 597, 596, 519.
513, 514, 529, 511
massenutinae 487.
11660601011166 655.
1166060166 821.
Liuopimpln 466.
Hau-odtominae 776
Listrodromun 7ῗὶ
777.
Limognnthus ⁵32.
Lim-ota 277.
111616101- 940.
1111106011611111116 433.
Lithotoruss 1056.
litigionus 12, 821.
litoralis 108, 418,
litorea 116.
litoreus 116, 65⁵-
liturariae 688.
lituram 688.
litut-storius 248, 334.
335.
lituram 261 , 5³⁴,
543, 940.
lividioornis 940, 941.
lividulus 941.
lividus 524, saw.
lobatus 262, 897.
1106116ῐί60 713.
locutor 941.
lombatdii 941.

longiealear 135, 219.
22 1 .

longiemda 55 , 410,

