1888888 1049.
18888881 191 , 572,
685, 1088, 1089.

1888888888 939.
fuscatu- 178,572,573,
859, 878, 912, 982.
1888888888 567, 912.
fuseiearpum 96.
5188188888 78, 96,
132, 851.
18881881818 16, 23, 54,
78, 115, 182, 191,
314, 367, 368, 369,
432, 452, 526, 613,
818, 824, 737, 744,
912.
188811811818 34.
1888111888 913.
fuseipalpis 143.

fimipenne 159, 338,

597.

fuscipennit 47, 78,
154, 159, 203, 330,
432, 467, 522, 525,
597, 651, 815, 987
1849, 1858.

1118811188 17, 54, 75,
118,180,259,432,

884, 813, 789, 813,

891, 913, 988, 1823,

1077, 1078.
suscipliea 116.
1888188188· 236, 237,
111888888888888 913.
fuscofuciatus 556.
1188881188 515.
fuscomaculatus 191.
11188818813188888608.
fusconotata 457.
famulosne 306.

fusculas 17, 41, 624.

fuscus 914.
fimiforme 96.
finiformis 96, 282,
589, 1858.
11181381· 1060.
fueiventris 551.
fusoriun 815, 881,
913, 914, 923, 969,
993, 1034.
&stilis 729.

Reginum
Gabunensis 457. (3888181188 351.
(18118818 387. 3811811811 573.
3838888 737. 3811818881 191, 910,
38388188 310. 911.
383881888 372. 38881888· 247, 857,
3818881888 685. 916.
galenus 914, 915. 38818118 573.
3811888 1060. geniculata 97, 102,
galla-rum 573, 651. 1049.

gallorum-,arum 925.
3811188111 432, 639,
640.
ςιιιίοιιι259,729,737.
(3881111118 550.
38898818888296344.

gastaldi 1089.

3888818881· 915.
6888818ρ8188 1063.

Gustatuptioninae
1063.

3811811888 651.

388811801- 915.
(388818888188 651.

3888188188 116.
Gutroporus 284.
3881181 764.
688888888188 370.
gayi 432, 915, 1080.
geddo-sii 685.
38111 573.
3818811188 96, 729,
744.
gelida 516.
Golia 615, 640.
3811881188 915.
381881188 54, 729,
915.
geminator-iun 915.
3818188 44, 1080.
geminata 1049.
3818188881188 482.
geminatus 78.
geminus 34, 44, 610
720, 915, 916.
gemmatus 829.
Gemophaga 274.
genale 1087.
3888118 32, 44, 78,

143, 188, 821, 888,

339,358,411,588,
558,787,1888.

38818818881· 933.
38818818881188 573.
geniculatum 96, 97,
174.
geniculatus 96, 174,
215, 259, 393, 430,
471, 477, 511, 541,
851, 783, 772.
38818818118 120.
38818818888 72, 339,
378, 714.
genitor 729.
38881118 621, 624.
38888188888 573.
genuina 73, 98.
38881888 143, 720,
729.
3888118188 624.
geometrae 111, 143,
783.
germanus 524, 916.
38118811 516, 573.
(1818888811811 962.
gestator 918.
gesticulator 916.
3888118888 916.
3111118811 4, 432, 482.
gibba 97.
3111118881 916.
gibber-ius 916.
gibbifions 651.
gibbosus 815, 916.
3111111118 97.
gibbulum 97.
3117118188 55, 339, 916.
gibbum 97.
gibbus 41, 339.
giganteum 159. .
giganteus 180.
3138881888 783.
giguntur 818.
3138888118. 993.

1109

sisa· ⁷, 54, ¹⁵⁵‚4⁷1‚
472, 598, 788, 918.
ginettii 248, 314, 748.
gilvipes 44, 817, 709,
720.
gilvus 23.
Giraudin. 700.
glabellus 317.
glaber 328.
3181181111888 1088.
glabra 328.
318111888888 276.
3181118881· 916.
3181118881188 826.
glabramm 1087.
3181118888 192, 472,
624.
31811118818 129, 600.
glabriouluu 800, 729.
318111111888 29.
3188117888ῐὶ8 20.
3181118888 30, 325.
glacialis 361, 651.
gladiator 541 , 542,
608, 1088.
gladiatorius 813.
glandaria 432.
3188118ῐί88 393.
318888881188 815,
816.
318888ρ88188 82, 83.
glaucus 143, 729, 744,
867.
31188888 156.
globulator 916.
globulipeo 211.
318181381· 524.
gloriator 1060, 1061.
31811888 522.
gloriosus 271.
3188818888 1028.
31ῃ11118881818 712.
Glypta 407, 488, 459,
460.
Glyptogaetra 456.
Glyptonotus 851.
Glyptorhaeetus 368.
glyptus 259, 385.
388188 143.
3888888181 472.
Θ888118811811818 13.

