1880008011 144.
laedatur 931.
Ῑ.88088108 289.
laetatur 244.
1881810118 248.

lactamina 244, 248,

249.
laetifer 821.
18811018108 784.
188117801118 438.

laetus 144, 301, 382,

385, 828, 831.

1887111808 2, 49, 252,

1068.
18871801118 31.
1887111018οω 438.

1887111008 48, 438,

938.

ιαενὴῃηα 417, 418,
438, 454, 488, 518,
1877,

laevigatus 219, 322,
654, 731, 746.

18871088108 261.

188710180118 14.

laevis 217, 298, 439,
731,738,938, 1012.

18871088018 1081.

1887108001οε 35, 204,

388, 838.
188717801118 687. “
Lnga-ofin 287.
1.»,8810108 287.
18180681 932.
Lamachus 285.
lamentariae 543.
lamentator 932.
lamina 714.
1810111818 1049.
1810108101108 831.
luminatus 227.
1811101018δο8 1026.

Ιι8010100018235,488,
588, 513, 514, 529.

lanator 441.
180888 932.
lanceolata 270.

18008018108 38, 932.

11581181 144, 388.

Regimen

languidulus 267.

languidus 27, 627,
932.

18018118 483.

laniator 441.

lanio 932.

lanius 932.

18011108 438.

Laphyetes 160, 161.

180110108ωοοε 377.

lapidator 777, 778,
1038.

1801118101108 777.

1800001011 330, 498,
601.

18000018οῐ0 166, 330.

1800001008 55, 145,
288, 244, 388, 422,
881, 887, 707, 820.

, latiae 932, 833.

18110808 933.
1811018188 784.
1811010011 339.
1811018 54, 230.
larvata 1049.
18178101· 784.
18178108 356, 687,
792.
1817101118 933.
1817100018 933.
18881708 654, 746,
933.
11881008 513.
18888108 543.
181811110018 820.
latens 737.
18181818 166.
lateralis 119, 130,
138, 145, 188, 237,
261, 317, 322, 406,
472, 485, 581, 584,
933, 1088.
181818101- 933.
latei-aterius 933.
1818111080018 933.
latei-itinn 576, 1059,
1060.
Ι,8111100008 370.
Ι.811110188188 320.

Lathrolestue 320.
1181111001188118 270.
Lathroplex 117.
Latin-ostiu 117.
1810108118οι 117.
181188110818 536.
1811081008 243.

18110808 51, 98, 160,
166, 345, 366, 438,
576, 592, 797, 820,

1068.

18118100108 23, 145,
185, 202, 538, 543,
578, 854, 887, 828.

111118οΠ18 133, 230,

687.
18118108 130, 555.
18111078818 438.
181111οο8 126.
1811888181 297.
1811880818 1068.
1811080οο 192.

1811080018 192, 1033.

1811088 261, 366.
18110811018118 1041.

1811808008 261 , 784.

1811801818 402.

1811181818 576, 1042.
1811080018 107, 734.

1811118001οω 107.

18117801118 113, 219,
388, 438, 784, 833.

1811781180 192.
letorius 933.

18118101133,134,150,
167, 627, 921, 933,

834, 878, 888.
1811811188008 1058.
latro 79, 187, 827.

1810081118 76, 130,

145.
latus 73, 145, 687.
laurentianus 362.
180181011οε 986.
18011088 934.
180108 261, 849.
1878180818 385.
1117081811 576.
1870181 577.
18011878111811 687.
188108 145, 778.

1115

legalis 145.
legator 934.

181000108 182.
leiopygun 204.
181001081 516.
lenis 934.
18008108101 934.
lentipes 212.

’ lenterius 914.

180108 577, 578, 721.
1801180118 934.
18080118 438.
1801118 1036.
lepidus 258, 336,57 7,
627, 654, 721, 730,
934, 935, 990, 1026.
180118011 1, 534, 935.
Leptobates 680.
Leptobatides 137.
Ι.8010118100818 531.
Leptobatus 531.
1801000108 369.
Leptocryptu· 713.
Leptodemas 713.
18010118108 16.
1801011οω08 730.
1430101080οι 1075.
18010888181, 145, 257,
281, 488, 488, 027,
730.
18010108108 738.
18010080108 935.
18010008 67.
Leptopygus 45.
18010801008 12.
1801081181118 935.
1801081181008 935.
Lethades 207.
181111811γί 306.
lethifer 821.
1800808011108 935.
1811080188 935.
1800οω01181οε 687.
1110000818 135.
1800008108 935, 936,
993, 994,
1800000811οε 936.
18000811811· 577.
1808000118 192.
1800000118 543.
18080018018 “ 936.

