(301μο058008 67.

coryphaeus 510, 512,

743.

008100000οι 304.
0081810 93, 189.

costulis 1, 93, 189,

242, 243, 647.
008181100οὼ 256,

539, 883.
00818101· 883.
00818108

621.
0081111810οι 344.
0081018108 344.
0015010818 87.

cothurnatu- 72, 87,

818, 781, 888.

0000011 326.
coxale 93.

coxalia 17, 19, 93,
140, 347, 360, 380,

567 , 647.
0011818 428.

0088101 22, 84, 366,
428, 525, 608, 772.

0018108 355, 560.

818888 128, 457 , 1079.

8188811101 883.

818881011οᾶ8 40, 428.

11888108οᾶ08 40.

3188810008 471, 647,

1 066.
0888100100 93.

:unicornis 22, 34,
85, 98, 107, 108,
188, 211, 222, 828,
847, 428, 589, 587,
588, 847, 888, 708,
718, 788, 818, 879,

894, 1055,1079.

1118810108 53, 236,

398.
1888111008 743.

18881100101 93, 281,

548, 758, 883.
1888130118 883.
188811080οι 53.

18881008 25, 40, 53,
140, 201, 202, 258,
338, 370, 371, 397,
457, 464, 495, 539,

189, 220,

Regi-ter.

683, 743, 883, 933,
934,1088.
0188818018 128, 471.
018881181818 120, 256,
410, 489, 510, 883.
mesitanus 327.
01888110Ῑο8 647.
018881080018 111.
0188811180οῙοε 111,
883.
0188801108 883, 927.
01888018 521.
018880108 26, 521.
0188808 70, 324, 647,
883.
0181803οΠ11 128.
01811050000100 845,
846.
0181001γο108 553.
0181005100 48.
creditor 884.
010108811οω 32.
0101088101ᾶο8 113.
crema-tus 33, 46,
162, 716.
0101000008 638, 640.
01008101 428.
010081118 884.
01001001018 515.
010001818 410.
0100018108 567.
01000108 884.
0108800180οε 778.
010880011 70, 140, 240,
270, 428, 471, 510,
539,621,647,1012,
1056.
01018108 706, 884.
01011011 486, 491.
01151818 1079.
cribrator 884.
0115110οΠ18 884.
01151088 495.
011808101108 807, 808,
884.
0118008 477.
011818101 220.
011818108 75.
criticus 884, 979.
0100818 428.
01008101 567.

01008108 1034.
010008101108884,902.
010001001018 202, 529,
530, 718.
0100010017 93, 428,
567 , 884.
0100017001118 294,
808.
0100000058108 781.
01010511 567, 683.
01010008 1057.
010018101 884, 885.
0100181011 533.
erudeli· 521.
0101108118 885.
0100018 495.
cruentata 93, 135,
428.
0100018101 15, 16, 18,
540, 774.
cruentatum 93, 163,
164.
cruentatus 93, 135,
163, 164, 178, 885.
01000108 706.
01018118 308.
οη0180018 536.
01·Υο18101 542.
cryptisormis 397.
01γο11080 549.
01Υο105108 719.
01γο10081001 428.

01γο1000011010 252,

1055.
01Ὑο100001108 140.
01·γο1011180 532.
0170101008 540.
017010111008 557.
Cryptojoppa 1029.
017010088108 719.
Cryptopimpla 507,

519.
01701001οφ 556.
01)·οωογςο 1044.
0100101108 885.
01γο10100818 536.

Gryptums 201, 244,
528, 536, 798, 846.
01Ὑο108 10, 15, 18,
21, 26, 49, 51, 68,
162, 209, 217, 222,

1101

228, 338, 348, 384,
388, 390, 394, 396,
399, 400, 404, 405,
408, 419, 455, 483,
468, 469, 492, 509,
522, 523, 533, 537,
549, 550, 551, 552,
553, 555, 558, 557,
558, 595, 598, 597,
598, 800, 803, 807,
810, 812, 815, 840,
880, 897, 899, 700,
701, 704, 709, 713,
715‚741‚774,777‚
780, 798, 848, 1022
1024.
0100801110 321.
0100800108 321.
01001050001000 798,
844.
01001801080 332.
0100180118 209, 332,
884, 888, 344, 345,
379.
01000058108 779.
0100οο11118 417.
01εο0001108 330,331,
870, 373, 519.
01000005081108031 3.
010000110018 487.
cubae 1077, 1078.
00500818 5, 189, 428,
507, 885.
00510008 226, 684.
cubicularis 885.
0051101108 885.
0050000581οε 394,
514, 897.
culex 855.
0011011011018 495.
00110108101 885.
culpator 800, 885,
886.
00108101108 808, 809,
821, 894, 918.
00110118101 739.
0111118118 739.
0011181108 206.
0011181108 719.
0111118101 141.
001118108 65, 886.

