1134

891111 311.
sordator 994.
sordida 113.
891111118118 88, 449.
8911111181198 88.
sordidula 552.

sordidulus 552, 994.

sordidum 1072.

sordidus 12,113,319‚
354, 370, 547, 551,
562, 569, 634, 724,

9 .
ωιέῑῖιεο 131, 666.

89181 994.
89119918198 589.

89191· 403, 589, 994,

995, 1085.
sororius 569, 1028.
8991111119]ιί 380.
8981118898 634.

89899189998 15, 379.

spatiosus 376.
speciosa 486.

8981119898 152, 333,
364, 590, 657, 995.
spectabile 104, 331.
spectabilis 12,13,104,
199, 288, 331, 838,

995.

spectator 36, 251,

591, 885.

8989918118 131, 877.
speculator 464, 634,

694.
89889111818 15.
speculum 733.
sperator 709.
89988818918 199.

8998819889118198 314.

sphaete· 396.
8911818198 526.
8911899911838 280.
8911881998 364.
891183911188 995.

Sphex 1, 222, 469,

846, 1076.
Sphinctinae 207.
8911199198 207.
sphingis 596.
sphingum 170.
sphinx 199.

 

 

 

Regiam.

Spiliohneumon 798,

844.

Spiloeryptus 550,

898, 660.
89119198198 995.
8911999898 376.
89119899188 836.
89119198 25.
8919811118 547.
opinator 199, 251.
819198ωή98 590.
89191991918 995.
89191181 1062.
8919111998 547.

spiniger376‚724,750.

spinigerum 1072.

89191988 136 , 152,

3.
891119118188 107 2.
89191181818 1072.

89199188 152 , 694,

1087, 1088.
89199118 640, 678.
8919988

1053.

89199898 66, 322, 561,

590, 666, 694.
spinula 634.
spinulae 995.
8919919898 152.

spiracula-is 219, 905,

949.
89118888 88.

89118118 388, 555, 590.

891881891918 694.

splendens 152, 459,

733.
splendida 735.
8918911111918 1085.

89189ᾶ1ᾶ91118 53, 56,

58, 59, 81, 1958.
splendidus 995.
splenium 58.

spoliator 9, 28, 142,

590, 733, 829.
spoliatus 816.
899988 449.
899988ω1198 995.
8999891 590, 591.
899989119111 373.

ζ 8999891198 373.

403, 466,

8999898 724, 905.
spreta 104.
spretum 104.
8918198 995.
8991111811 272.
8991111898 272.
8991188ῒί88 112.
899188 104.
spurcum 104.

899118. 422, 449, 450,

452.

89111198 152, 232, 267,

634, 995.

sputator 636, 637,

sqgggdus 219, 634.

88811889989818 837.
stagnans 198, 666.

stapedifer’a 1044.

stauropoctonua 187.

steokii 506, 998.
8883119998 675.
Steindaohneri 1072.
Steinii 1021.
stella-ius 275.
stemmator 996.
8989818898 548.
stenhammari 319.

Stenichneumon 846,

1019.

8889988198 152, 996.

8189988911118 319.
8181198818, 273.

8189988198 273, 917,

91 .
818938199898 697.
Stenodontus 775.

stenogaster 13, 152,

588, 591, 998.
8189918918 487.
Stenolonehe 1029.
868991988198 225.
818999118811198 4.
8189991818. 666.
81899988198 666.
818998898918 716.

8589981131118110, 1 76,

267, 450.
Stephanidae 4.

8118111ιεί898 56, 55»
232, 302, 364,ι 3ῗὶ
1062,106³.

stigmator 996.

8113918191198 ΒΞ.
899.

stigmatum 666.

Stilbopa 462.

8111991988 716.

stilpninus 695.

stsspnoidoe 996-

8619998 39, 610.ῧὶ

stimulatu 1065.

stimulatm19⁹27⁴²
751.

stipator 267, 751.

Stipmomus ³⁸⁶¹·

stomatieum 554·

stomaticus 554-

etl-agisa 138.

ιιι-8198918118 450·

atramentaria: 9⁹⁸ 1

