³ 1111100016122.
³ Nythophona 283.

Ν yxeophilus 399.

006101 787.
0006 1040.

. obesa 136, 327, 366.

006666 327, 368, 545,
826.
obex 398.

, 0016666101 558, 959.

obfuscatus 959.

objurgator 582.
0016101166 959.
obligator 959.

, obliquus 28, 42, 55,

264, 659.
0011161616 100, 484.
obliteratum 100,

1069.

obliteratus 100, 147,
307, 812, 959, 1069.

, 0010636166 809.

oblongopunetatus
377, 378.

’ oblongus 933.
’ obnoxia 442.
J obnoxius 545.
’ 0001616 558.

’ 00016101 482.

00016166 558.
0016111666 145, 148.
0066616 1, 100, 201,
279, 457,512,1651.
006661616 442.
0066616101 69, 196,
959.
obsoni-storius 959,
1034.
obscuratus 197, 578,
582, 690.
0066616116 14, 111.
00666161166 322, 380,
511, 732.
obscurior 850, 1014.
0066611116111116 1058.
obscuripes 119, 237,
562, 659, 746, 959.
0066611161616 959.
0066616111 100, 197,
1069.

Register.

obscurus 73, 100, 196,
197,233,279,299,
511, 566, 576, 562,
563,636,659,736,
766, 959,991, 1626.

observatrix 26.

00666601 959, 960.

0061111666101 1033,
1039.

00601616 500.

0116016101 47.

006016101166 960.

obsoletum 1069.

obsoletus 722, 850,
666, 966.

obstruetur 299.

obtusa 1044.

obtusator 960.

0016616111116 535.

obtusus 264.

occidentale 50, 100,
159. 1069.

occidentalis 100, 147,
314, 362, 456, 475,
515, 517, 530, 660,
687, 960, 1035,
1659, 1669.

06111ρί1616 1069.

occipitalis 960.

066111616116 960.

0661601149, 613, 827.

0661601166 827.

06611116 100.

oecultum 100.

06661166 722, 732.

occupator 500, 1022.

0611116116 1083.

ocellatis 79.

0661111101 583.

066116166 55.

06016666 458.

060166666 630, 829.

0110166166 960.

060111166 227.

oehroeephalus 960.

0601066166 960.

oehrogaster 690.

06010166166 824.

060101116 961.

060101166 14, 545,
961.

06010610166 85, 273.
060106106166 85, 273,

396.
0616611666 630.
06166166 960.
0616101666 1020.
oetoguttata 466.
oetognttatus 466,

1662, 1663.
oet-enotata 458.
0610116661616 465.
oetopunetatus 754.
0661616 1069.
06616116 690.
oculata 100.
06616101 961.
0661610116 443.
06616101166 443.
oculatum 100.

oculatus 35, 42, 329,

475, 766.
Oeymorus 669.
01116011οο16 461.
odiosus 961.
Odontomerus 390,

392.
011061066616 698.
Odontopimpla 454.
011061011616 200.
odoriferator 563.
odynericidus 399.
oedemasiae 100.
Oedemopsis 519.
061116611061116 1028.
oelandiens 325.
Oetophorus 329.
0066601166 722.
ogovensis 443.
0101011166 768.
0101101666 768.
0161616 55.
Olesicampa 120.
Olesicampe 120.
Olethrodotis 134.
olfersii 1029, 1040.
0118016616 14, 735.
oligomerus 732.
Oligopleetron 224.
0116106166 732.
011101166 583.
olivieri 583, 1003.

1123

olympiae 264.
olynthia 443.
0111000166 118.
Omorga 114.
Omorgus 114.
omophorus 5.
0661616 284.
onerosus 732.
0111116 211.
06161166616 961.
01116110 443.
onustus 583.
01166611616 443.
opacitas 221, 785.
opaeomfus 563.
01166616 500.
0111166166 80, 396,
666, 765, 961.
01166616 553, 1069,
1070.
opacus 147, 554, 583,
690, 898, 961, 1069.
operator 197.
0110616166 82.
Opheltes 82.
Opheltoideus 83.
01101οᾶ66 1056.
Ophiogastra 1656.
Ophion 33, 37, 39,
44, 45, 46, 66, 75,
77, 62, 69,137, 155,
156, 162,172, 173,
174,176,166,164,
165, 1—62, 266, 233,
242, 479, 529, 549,
716.
Ophionellus 179.
Ophioninae 179.
ophioniventris 845.
Ophionoidae 10.
0110106011161116 180.
Ophiopterus 180.
0111116666 961.
ophthalmicus 35,
215, 264, 368, 748.
0111111166 698.
opifex 898.
opimus 147.
opiniosus 961.
0111116166 961.
opisoleueus 603.
71*

