33161003 68, 217, 224,

392, 423, 953.

3310311313 559.
afer 780, 899, 945.

affabilia 559.

affeotator 928, 1053,

1934, 1935.

affector 928.
3111113101· 559.

affine 89, 162, 175,

330.

affinis 59, 89, 124,
137, 135, 299, 222,
225, 235, 252, 291,
315, 339, 347, 353,
492, 593, 517, 559,
313,341,717,1931,

. 1977, 1973.
31111013101103 848.
suffixus 141.
afflictor 680.
Agatheam 671.
Agathilla 61.
Agathobanehus 61.
Agathophionu 179.
38313133 616.
aggressor 51, 187.
3881333011οω 174.
aggreuorius 726.

agile 89.

agilis 35, 43, 51, 89,
132,225,249,252,
514, 533, 313, 317, ,
319, 322, 323, 325,
323, 339, 334, 333,
717,723,733,792,

. 349, 343, 335, 885.

agitator 21, 311, 312.

Aglyphus 1055.
agnata 488.
agnatum 152.

3835991152433, 533,

726.
agnitus 848.
agl-aenne 89.
agnensis 89, 848.
agrestorius 848.
Agriotypidae 1057.
Agriotypus 1057.
Agrothereute· 549.
Agrypon 174.

Regitur.

Aithri· 208.
3111111111 209.
alacer 353, 559, 517,
882.
3133113 559, 680.
3131033113 276.
3130133003 726.
313103030313 559.
alarius 81, 82.
31331130313 487, 617,
641.
316313 1076.
3163101· 848.
3163101103 559, 583,
848, 936.
albatu- 1019.
albescens 1037.
316160333 752, 848.
316161133οω 752.
3161331133103 559.
31613303 89 , 848,
1027.
31613301131113 854.
3161330003 97 8.
31613303 209, 680.
3161311103 848, 849.
3161310313 466, 734.
31613103103 209, 217,
244,233,291,433,
471, 523, 527, 517,
849.
316130113113 559.
3161301113 680, 849.
31613033 21 , 242, 336,
355, 493.
316130313 250, 493.
3161301103 21, 680.
3161310113 359.
31613103 83, 470.
3161113 89.
3161111033 10, 12, 849.
albidum 89.
albidus 89.
3161133133 359, 517.
3161110113 33, 213, 359,
493, 334, 1925.
31613303 187.
3161331 69, 181, 849.
3161136113 35 3.
albilarvatus 849, 850.
31611103313 334.

3161111133ῐο3 334.

3161103301313 486.

31611033013103 538.

albimanus 137, 795.

31610013103 548, 760,
891.

316111οι 780, 850.

31610103103 1011.

3161031013 124, 644.

3161031003 27, 641.

3161033103 850.

3161030013 33, 35, 39,
46, 618.

3161033 29, 46, 51,
242, 306, 347, 373,
499, 429, 425, 434,
470, 509, 510, 538,
359, 1945.

3161οἱ313 493.

3161013103 77, 187,
291, 733, 359, 933,
1011.

3161113103 680.

3161333003 641.

albi-outa 850, 991.

3161330131113 464.

316133013113113 408.

31613013103 559.

3161301113 90 , 493,
1076.

3161301013 538.

316130111οω 90.

3161131113 1065.

albim-sis 51, 59, 137,
312, 437, 499, 559,
539,534,717,344,
345, 1057, 1973.

albitum-corius 490.

3161131303 326, 359,
381.

3161106313013103 641 ·

3161731ν113 851.

3161130111· 314, 815.

3160300013113 533.

3160300013103 641.

31603103103 291 , 347.

316030113113 15.

3160133313113 1076.

31601333131113 15.

3160301131113
1031, 1032.

351,

1091

3160110331113359, 603,
936, 937.
3160013301313 486,
437, 514.
316010330131113 528,
537, 739, 1923.
316010313111313 408,
420.
albolum-ginatus 559,
642, 713, 799, 851.
3160001313 127.
31600013103 559.
3160013113 388, 408,
420, 493.
3160013103 187, 235,
252, 255, 235, 347,
384, 538, 540, 545,
558, 550.
3160013013113 717.
316001133 120.
31600003103 347 .
31601601063113 406.
3160113111 20.
316033013113113 124.
3160318031113 244,
249,851,852,892,
958.
3160301003113 538.
3160311131113 844, 851.
316013133103 77.
316013113331113 7 7.
3160131103 245, 1028.
3160110313 88.
316ον1113103 315, 680,
331, 717. , ·
3160νί03103 1032.
316013101103 681.
31603 560, 852.
alcima 123.
Alcocerus 223.
1413036313 289.
3111113611 118, 408.
Aleginu 674.
3131133 676.
3130113003 252.
Alexeter 352.
3113113 90.
alienata 90.
3113031010 90.
alienatus 90.
alienum 90.

69*

 

 

