1122

nigripeotuu 79, 413,

95 .
61311ἰ81168 159.

61311686618 73, 328,
524 , 581 , 1055,

1056.

1113111188 55, 7 3, 125,
145, 168, 211, 299,
363,517,536,609,
722, 735, 807, 955,

1069.
613118886688 442.
6131188658 276.
6131186168 544.
613118581668 231.

nigrita 100, 402, 513,

599, 735.

nigrim-ius 843, 955,

niggtssm 100.

nigritatse 100, 1055.
nigritarsis 85, 475,
484, 581, 855, 945,

1064.

61311581868 100, 249,

299.
6131158118 100.
613115811661 100.
nigritellus 219.
nigritibialis 534.
6131151118 39.

6131156168 39 , 196,

630, 708.
6131156111 100, 168.

61311568 24, 233, 630,

599, 955.

6131117865ῐί8 16 , 75,

79, 243, 275, 395

408, 413, 559, 597,
789, 817, 819, 837,

899,1035.
nigrobalteata 465.
61316888161868 778.

61316688586868 826,

932, 980.

6131688668568 1034,

5.
aig-Kephale» 406.
nigrooephalue 335.

6131οοί6858 395, 396.
613168168568 395,396.

38318581.

nigroolypeatus 946.

nigronum-uleus 778.

6131686168 464.

613166γ86868 785,

1031.

6131618881858 1043,

1051.
6131611668 351.

613161168858 442, 463,

525.

nigrolineatus 299,

544.

6131616866185118 475,

659.

613161681316858 413.

61316665858 1051.
61316ρά618 263.
111316ρί658 517.
61316ρ18618118 363.

6131661188 121, 413.
61316666658568 376.

61316161616 168.
6131616168 168.
6131688658568 990.

6131686658118568 534,

917.

nigro-cutum 333.
613168136858 1043.
613168ρί668 544.
61316581368 957.

nigrovariegatus 957.

613161811661 159.
61316181168 196.
61316νί6858 177.
613161155851116 17 7.

6131661 159, 299,

330.

6158118 147, 382, 722,

825, 825.

nitida 100, 442, 481,

500, 1083.

615111111668 211, 219.
615161986618 75, 581.

6151ᾱί6866168 532.

nitidiventrie 318,7 48.

nitidula 601.

615111618561· 147, 738,

957.

nitidulus 349, 601,
689, 690, 732, 957.

6151111116 100, 1075.

61511168 42, 299, 659,
689, 703, 704, 748,
767, 811, 826.

61518561· 957.

6158171181 581.

nivalis 263, 564, 581,
690.

6118568 957, 1005.

61788568 532, 533,
957.

nobilis 260, 511, 954,

957, 1061, 1083.
nobilitator 484, 777,

778.
nobilitatus 147.
66851116 1051.
noctuae 100.
66111181 722.
nodosa 442.
Ν681666 283.
668168 957.
nolae 100.
Ν616811168 3.
nomas 79, 630.
6616868 413.
nominator 1051.
6661168561168 1051.

6611831188 826.
Nonum 522.

nerdenskioldii 442,

638.
66111868516611 957.

normannica 100.
normannicum 100.

66156611 481, 826.
6686668168 732.

notabilis 28, 147, 500,

630, 957.
notanda 442, 575.

notata 85, 223, 381,

414 .
6658518168 659.

notator 442 , 765,

832.

6658561168 801, 803,
832, 843, 957, 1024.

notatu· 73, 85, 86,
213, 349, 354, 414,

544, 581, 957, 980.

nothus 957.
Ν656168118 30.

“ Ν 656ρί161118 419.

Notopyguu 371, 372
373, 374.
Notoaemu· 752.
Nototnehime 177.
Noton-why· 173.
6656185611118 581.

novae - hollandiae
1069.

novatus 545.
6ονιε88186111α18 955.
novellus 732.
novenalbm 958.
unvita 442.
novitius 738, 822.
6666888186111868545,
nubecula 442, 537.
nubecula-ia 442.
nubeculam· 545.
661188618568 39ῗῷ7.
606.
nubeculoeus 958.
nubifer 555.
nubilimrpuc 196.
666111ρ86618397ῥιί
581, 1035.
nubilis 264, 825, ⁹55-
nubivagus 826.
nucum 426.
116118561- 958.
6611111638 892, 958
6611166118 892.
nugator 958.
nugatorius 801, 958-
numeratus 907, 8³³
6616811868 958.
numidicus 659.
666818561- 196.
nuncius 581 , 582
958.
nuncupatur 582.
1766861188 678.
nuntiator 515.
nuperus 264.
66658561168 958, 959.
nuptu· 1000, 1024.
natatoria· 582
nutritor 44.
nycthemems 699,
775, 777.

nysaeus 959.

