· 8000010 449.

80003010080 1072.

'- 8000381011ιί8 151,

1072. ¹
senescens 184.
80001 708.
80010018 126.
800100108 102, 126,

768.
senilis 266, 302, 316,

588, 711.

z separator 907.
z separatus 724, 793.
-. sepistorius 990.

80ρί0110 112.

8οΡ10010100101108
990.

septemfssoisws 200.

800101030118108 835,
836, 1007, 1027.

septentrionale 176,
107 2.

, septentrionalis 214,

302, 644, 708, 760,
990.

sepulchralis 266,387.
ἶ sequax 880.
⁸ serenus 907.

sei-iesus 57, 330, 708,
1084.

80110010 449.

sericatus 184.
8011000 104, 121, 281,
1084.
sericeifrons 588, 7 33.
sericeum 104, 1072.
80110008 43, 57, 121,
151, 369, 375, 376,
394, 469, 547, 588,
633, 665, 795.
8010110118 207.
serpentinum 176.
801101108 794.
80111001018 405, 990.
80110101 8, 9.
senatorium 170.
80118101108 170.
80110108 580.
servilis 665.
71οΠ11101 2, 3, 1082,
1084.

Regimr.

808100 7 50.
808001108010108 633.
8088110 104.
80881118 90, 104, 350,
665.
8011001018 391, 588,
990.
setiger 234.
80113018 1052.
setoso 491, 1052.
8010808 491.
severus 589, 836.
8018150108 990, 991.
801000010118 991.
8010000101οε 350,
556.

80101011118108 850,
991.
8010011081.. 518.
8010111010 449.
8010100108 238, 342,
991.
80130110108 991.
8011100010 170.
801110001οω 170.
80111000108 665, 863.
801111010108 335.
801001810 1043.
80100001010 449.
801000018108 302.
8018000108 836.
shueksrdii 4.
81511808 841.
Sibiriskoffia 492.
8151110010 77, 1062.
8151110001 1072.
815111008 836.
8100110 86.
sicarius 86, 203, 589,
991, 992.
81050118 383.
810111000011 9.
8100108 528, 836,
992.
81110108 104.
8171010010 104.
8105011 1029.
8105011111 284, 992.
8130018 104, 1085.
813001100100 18.
signatieornis 992.

8130011008 307, 992,

997.

signator 151, 302,
992.

81300101108 589, 801.

8130010111 104, 170.

81300108 36, 239, 491,

684,738,788,882,

81100008 992.
silantjewii 80.
8110810008 733.
silvanus 882.
silvarum 57, 286.
silvaticus 226, 363.
silvestris 256, 515.
silvicola. 633.
similans 992.
similaris 588, 836.
similatoriu· 146‚841,
733, 926, 969, 992,
993.
simile 170.
simili· 38, 112, 160,
266,278,821,835,
342, 363, 416, 449,
459, 589, 665, 715,
750, 836, 867, 1044,
1053.
simillimum 1072.
simillimus 665.
simonii 3.
simonis 449, 547.
simplex 61, 121, 325,
343, 551, 588, 864,
883.
simplieidens 836.
simplieipes 416.
simulans 266, 633,
993.
simulator 601, 905.
8110010808 979.
81000108 12, 266.
81000818 205.
8103018118 376, 596,
723, 724, 733, 993.
810100 104.
81010001 104.
sinister 350, 993, 994.

1133

Sinophorus 118.
81011018 350.
sinuata 88, 1053.
8100010ῐί08 994.
sinuatus 88, 266.
sisyphii 665.
Sisyrostolus 403.
81111 531.
skeltonii 188.
slsvieekii 198, 836.
810880000 198, 403,
492.
81010101108 279.
Smieropleotron 344.
81011511 3, 80, 170,
198, 391, 449, 688.
80588 701.
80501101ᾶο 151.
80501101ᾶο8 151.
sobrinus 266, 994.
8051108 733.
8000010 589.
80018118 666, 750.
800101011οε 894.
800108 350, 390, 750.
sodalis 24, 449, 589,
694.
sodomitica 449.
solubilis 588.
8010010 459.
soleatus 321, 531.
8010005100 104.
801018 750, 994.
801101101108 987.
solidus 694.
8011101ἰο 2, 104, 374,
508.
solitarium 104.
8011101108 215, 232,
266, 374, 607, 634,
733, 994.
8011108 994.
solivagus 724.
sollicitator 7 24.
8011101101108 994.
8011101108 733, 782.
solutus 666, 789, 837,
970, 994, 1027.
801001101ιεί8 547.
8000101180 104, 157.
8000100818 104, 157.

