1111111ηο3101 245.

11103001ρο11013 1032.

brunneipos 1086.
brunneocornin 614.
brunncolnn 866.

0111111003 6, 52, 619.
5130310303 324, 764.

111111ῃί0011ιί3 764.
0111111111 1047.
1111111ιί1103 69, 218,
644, 804, 866.
›muniventrin 210,
293, 564.
11100313 87.
‚necator 866.
»uocatum 60.
0101131113 60, 87, 271,
272, 375, 564, 607,
797, 1032.
1100133101 378.
110011131ῐίοὴ 615,
644.
0000101113 119.
000010111113119,139,
312, 564, 866, 867.
acephalum 163, 173.
acephalus 359.
11116113 91, 139, 867.
1101111011 4.
111111011113 867.
111313 514.
:olisna 425.
101131130 425. 494.
1011311113 33.
11303311 293, 401.
[meineri 1047.
ικ11101 1059.
trra 280, 281, 329.
oerun 280, 281, 329,
867.
,13301111 867.

,1110131 776.
00110113 280.
3113101 91, 867, 887.
&lata 1040.

’latus 1040.

debs 390, 644, 850,
1020.

:lerator 880.
403113 867.

Regi-ter.

annocryptns 399,
555.
03011οω0113 676.
03000111101113 454.
0301130 300.
caerulea 387, 426,
1047.
0301010313 426.
03013103101· 804,1037.
cacruleipcnnc 597.
030131οἰ110ηηί3 564.
0301010110111113 210.
0301010300113 939.
caeruleus 69, 867.
castra 461.
0311131111111 1065.
cajo 139.
0313113110113 536.
0313111311113 931.
calcu-ata 537, 1079.
0310313103 139, 140,
332, 345, 1023,
1060.
03103101 157, 316.
03103101103 867.
031003101 867.
0310031011113 804, 872.
calccatus 139, 718.
0310001313 507.
031οο013111· 293, 507 .
03101113101 525.
0310300113 564.
calidus 359, 384.
californica 91, 132,
334, 409, 521.
canonicum 49, 91,
163.
0311101111οω 47, 178,
220, 232, 233, 234,
233, 334, 334, 510,
534, 319, 344, 332,
781, 984.
03113313 426, 498,
503, 515.
0311331113 255, 372,
334, 515, 529.
caliginosus 678, 697,
868.
031111101113 556.
0311101303 868.
03110113 736.

0311100103 868, 873.
031110Ιί313 389.
03111017111113 556.
Ο3111ὸ10103 366.
0311111013 88.
011111111ιὶ113 225, 226,
255.
callidus 619, 718,727.
0311ἰο1111131103 469.
0311111111111113 27 6.
03111111οη 461.
callixenus 145.
0311011113 742, 743,
749.
callosus 539.
03105313 426.
0310113103 69.
0310031113 69.
Calocryptus 700.
0310111013 426.
0310300113 868.
0310300111· 868.
calumniator 564.
calvus 619.
0311131013 1030.
(1311131οω113 225.
cambrensis 751.
0370111ἰο331· 751.
camelina· 804.
camelus 484.
0311101011ὶί 139, 188,
423, 534, 7531079.
0310110010οω 509.
campodono 269.
0311111030οω 277.
03111110ὶο11· 107.
03111110033103 272.
Ο31111101110311130 83.
0311111011Ῑο3011103 682,
7 69.
0310110111οι 51, 82,
33, 39, 107, 109,
111,113,114,113,
120, 122, 124,127,
132, 135, 137, 154,
344,358.
031111101101113 277.
Camporychun 281.
0311111030011113 155.
031111101111ορ1113 29,
404.

1097

compota-ephan 124.

Ο3111111ο1γ11113 417.

031131101130 169.

03113ᾱο0013 1, 6, 62,
178, 229, 277, 304,
326,327,336,384,
392, 397, 406, 409,
483, 513, 523, 529,
560, 564, 619, 644,
394, 733, 754, 731,
868, 869, 928, 1032,
1033.

033311001313 87, 735.

0333110013111111 161,
175.

03331100131113 21, 87,
139, 140, 237, 353,
337,439,533,534,
577, 619, 627, 682,
736.

0311313130 118, 603.

cancellatus 390.

0311001 316.

candidatus 761.

candidus 539.

0311ᾶὶ301 10.

canescens 113, 121,
957.

Canidia 109.

03111111οΙ13 109.

caninae 255.

cannabis 869.

canonicus 126.

cantator 139, 140.

capenae 1065.

0311011313 77, 494, 523,

564, 598, 869, 1065,

1079.
caperata· 565.
capillosum 163.
0311113113 565, 1059.
0311113101· 533, 589.
03111131011113 246.
capitatum 158.
capitatus 3, 377, 304.
capito 77, 869.
0311110303 742.
031113 644.
capreolus 645, 869.
0311101111 321.
0311101103 869, 978.

