cincta 222, 1047.
0111018101 427.
0180101188 30, 683.

0180110810118 1427.

018011001818 17 8, 384,
565, 645, 683, 873.
0180111108 5, 69, 70.
245, 316, 388, 565,

954, 1042, 1047.

0111811181ιί8 873, 874.

0180111081ῐί8 305.
einctor 500, 874.

cinctoriue 701, 702,

874.

0111011118 92.
cinctulum 92.

cinctulua 22, 250,

332, 333.
0180111111 163.

01801118 163, 245, 293,
565, 566, 727, 791,

874.

cingulum 92, 109,

401, 427, 487.

018381810118 426, 427.

cingulatellus 539.

0183818101 16, 645,

874.

cingulatoriue 337,

797, 874.
cingulatum 92.

018311181118 241, 246,
255, 359, 300, 375,
539, 045, 987, 1059,

1060.

011131111Ρο8 389, 889,

890.
cinti-anua 874.

cinxaelom 750, 703.

cinxiae 87 4.
circes 874.

circularia 949.

circulator 461, 462,

874.

circumcinctus 140,

202, 500, 020.

circumflexum 158,

159.

circumflexus 158,
159, 874.

:ircumacriptua 147.

Register.

circumspectus 140,
255, 727.
0111110388101 1034.
01110388101 1033.
0118101 718, 874.
01181118 874.
0111111118 874.
01118118 480.
0111811118 480.
011181118 480.
01110118 375, 833.
0111111088 87 5.
0111188 457.
0111180118 875.
0111111118 806, 875.
01111808 210.
011118 566.
clandestina 87.
clandestinum 175.

clandestinus 87, 175. ’

clapinii 293.

0181138101 875.

claripenne 163.

01811ρο8818 128, 163,
337.

0181118 781.

clathrata 465.

clathratum 163.

018111181118 188.

0181188 92.

0181181118 92.

clausus 645.

clavata 101, 481, 482,
486.

clavator 70, 354, 598,
599, 875, 1086,
1087.

clavatoriua 246, 987.

clavatum 163.

clavatus 52, 70, 333,
481, 707.

0181100180 92.

01811001818 92, 384,
427.

claviger 714.

01811908163, 620,71-1,
855, 875.

claviventrie 49, 124,
293, 604.

01811118 483. -

cleopatra 427.

 

Glepeiporthus 350.
(11ορ11088 390.
clericus 791, 875.
Gliatopyga 406.
clitellarius 875.
clopini 950.
01081010001118 469.
0101110 703, 875.
0101111011 598.
clypealie 202, 255,
401,495,712.
clypeare 92.
clypearie 10, 11, 92,
117,240,255,273,
310,495,000,742.
clypeata 92, 371 , 401.
clypeator 293, 645,
875.
clypeatum 92.
clypeatus 19, 294,
320,337,338,371‚
730,1021.
011οω813118 683.
Cnemiachya 30.
00801118 645, 646, 87 5.
00811101188 87 5.
coarctata 123.
coarctatum 163.
coarctatus 123, 180,
189,345,500,709.
coccinatus 246.
00001801180 875.
coccineu- 875.
cockerellii 45.
coelebs 390, 644,850.
000108118 867.
Coelichneumon 846,
1031.
Coelius 1.
Goeloconue 304.
Ooelocryptue 700.
0008111118 208.
00018181011037,1038.
00018108 426, 1047.
0001810818 426.
00018108101804,1037,
1038.
coeruleipenne 597.
coeruleipennie 504.
coeruleiventria 210.
coeruleecene 939.

1 099

0001111οι18 69, 867.
cognata 92, 112, 132,
427, 495.

. 00388101 875.

cognatm-ius 875.

cognatum 92, 175.

0031181118 40, 41, 140,
229, 242, 240, 250,
566, 646, 838, 876.

00108811 876.

0010000811118 315.
529.

coleophorae 646.

coleophorarum 128,
140.

0011811101 6.

00118118 22, 136, 293,
381, 382, 539, 500,
010, 714, 700, 800.

collector 876.

. collinus 533, 566,

646.
Collyria 525.
Golocnema 699.
00108 271.
0010118101 465.
coloradense 49.
001018608818352,380,
410, 515, 500, 753,
806.
00101818 427.
colorator 341, 773.
0010181118 876.
Golpognathue 758.
Colpomeria 417.
Colpotrochia 222,
305.
columbianue 234,
550, 040.
00188108818 566.
combinata 128.
combustus 181, 646.
comes 390, 620, 876.
comis 876.
comitator 541, 814,
801,802,870,877‚
890, 1020.
00181181011118 877.
comminator 878.
commixta 495.
commixtus 727.

