69169191 423.
barbatum 91.
barbatus 91.
6916111999 860.
bardua 359.
Bon-ichneumon 845,
846.
6919919911 1065.
baruntii 84.
Batyeephtlus 187.
1391799199 305.
Baryoerus 537.
Barycnemis 49.
Β9η1191119 672.
Barylypa 160.
Baryntica 701.
Β91Ἢ199 405.
Barytarbe· 270.
Barytarbun 270, 309.
haulis 14, 30, 52,
129,135,179,292,
292,423,493,599,
553,1ο79.
basiglyptus 860.
69911919 91.
bunaria 91 , 595, 791
860.
basilicon 162.
6119111999 272, 288.
699119999199 532.
6991991919 1046.
6991999119 705.
bassim 793.
Β9991999 235.
Battus 178, 209, 225,
228,235,239,240,
241,242,244,279,
279, 287, 291, 315,
323, 326, 352, 381,
394,392,395,419,
459,451,595,514,
519,525,557,599,
603, 619, 640, 772,
779,1959.
batavus 550.
6919111999 423.
Β9111γ99199 488.
Bathymetis 710.
Bathynophrys 488.
Bathypleetes 110.
Bathythsix 674.

 

 

Regma.

69119 163, 860.
699199 860.
6911911111 292.

bedeguuis 45, 188.

bedelliae 49.

beginii 329.
5311155111 423.

belangeri 235, 581,

803.

belh-,gei 91, 643,

860.
69119 510.

69119191· 49, 493, 494,

495, 591.

bellatoria 202, 375,

860. ,
6911919199 860.
69119191199 803.

bellicen-nis 643, 742.
69111999919 155, 156,

157, 177.

6911199999 33, 155,
, 563, 618, 619, 770,

1025.
belliger 1025.

bellipes 138, 860,

861.
69119999 589.

69119199 138, 713,

742.

benus 138, 139, 202,

510, 563, 1955.
6999919911199 726.
69131999911 87.
bem-minii 483.
6919911111 423.
6911699191991 861,
1925. ,
6991191 1046.
69169991 488.
6919199 861.
69191999919 673.
61993919119 188.

61999919191199 861 .
6199991919· 643, 861 .

6161971919919 514.
6199Ρ1119119 235.

6199119919 401, 423.

61991199199 10.
bieincta 424, 499.

619199191199 861.

61919919· 390, 619,
643, 861, 972.

61919391919 111.

619193919199 111,
315, 359, 563, 803,
861.

6199191· 6, 74, 138,
163, 188, 245, 298,
303, 306, 331, 375,
392,417,424,441,
457,479,595,553,
569, 603, 616, 618,
519,529,524,525,
527,539,531,535,
718, 742, 803, 861,
1932,1945, 1979,
1079.

6199191919· 69, 359.

bit-,olorinus 643, 644.

6199191199· 878.

bicolora· 861.

bicornis 409, 506,
,507.

biom-nutu· 292, 644,
1059.

6191191119 808, 920.

bidens 245, 311, 681.

bidental-iun 833.

6169919191199 861.

6169919199 292, 313,
1025„

‘bidentor 245.

61699191199 801, 833,
861.

bidentulum 1065.

6169919199 21, 292,
355, 544, 719,
1065.

bifariu- 861.

61ἰ9991919 494, 596.

61199919191 861.

6399919199 228, 314,
527,993,951,952,
1040.

515591 139.

bifomtus 862.
61197991919 409, 413.
611679919199 188,235.
bifrons 705.
613991111 254.
613911919 494.

1095

61891191919 156.
6139119199 156, 235,
592, 938, 939, 958.
biguttorius 939.
613911919199 862.
6139119199 359.
biimpressua 181.
bilimekii 862, 1945.
6111999111 424, 454,
499, 494.
6111999199 51, 69,
199, 254, 275, 499,
539, 592, 952, 999,
906.
611199919199 292.
61119991 639.
611969 114.
6110691119 1062.
6119699 114.
6119991919· 863, 97 3,
611999919ιί9 863.
bimaeulata 154, 309,
1046.
611999919191· 863.
6119999191911119 863,
864.
6191999191919 49.
6119999191119 139, 154,
295, 245, 292, 399,
337, 395, 399, 644,
863,864,1058.
bimembris 864.
binarius 864.
6199911199 726.
6199119199 21.
binotata 129,1ο43.

,6199111191 864.

619919111199 607.
6199191119 33, 229,
315, 345, 759, 791,
803, 882, 936, 937.
6199191919 1046.
3196199919 242.
6199919199 69, 864.
6199191119 726.
bipartita 483, 494.
bipartitam 163.
61991111991191 163.
6199111199 181, 539,
644, 985.
biplagiata 1046.

