6600111 86.
6606000111 105.

tenua 126, 179, 224,

463, 451.
texannm 166, 177.

6616006 9, 81,153,
179,186,207,221,
224,531,536,549,
635,667,695,739,

1004.
66160616 592.
textor 1004.
Τ11616666 478, 479.
6111110616 1004.

Thaumtotypuu 639.

6110116011 788.
Τ116160111100 1057.
611616666 1004.
6116111111 403.

Τ11611011 155, 158,
162, 172, 173,174.

'Pheronia 463.
Τ116106001106 637,
640.

Τ1161611001106 39, 44,

46, 46.
Τ1111166011166 207.
6001116106 1004.

thomannfi50‚31, 171,
413, 503, 307, 303,
725, 736,676, 1664,

1673, 1674,1675.
61101606116 459.

6110160106 105, 401,
563, 614, 1636,
1653, 1654, 1676,

1666, 1665.

611016016υο1 105,171,

500, 1075, 1033.

611οη010116 59, 81,
164, 165, 216, 251,
313, 327, 364, 467,
477, 547, 566, 614,
635, 667, 712, 725,
766, 773, 766 ,1635,
1063,1075, 1088.

6110160616 1005.

thyelmn 1005.

Regittet.

'Phyma-is 133.
Thymena 760.
Thyroodon 185.

thyridoptorigis 667.

Thyniotom· 715.
tibiale 230, 1075.

tibiali· 131, 153, 155,
215, 230, 242, 266,
310, 302, 467, 547,
566, 502, 667, 725,
735, 655, 661, 1665,

1042.

tibiator 0, 00, 105,
153, 502,1005,

1086,1087.
6111166011οι 1005.

61006106006 171.

610061960016 81, 477,

563, 535, 1035.

tinctorias 502, 503.

61066 1005.
6106610111 965.
timidarum 773.
6111016116 389.
6100161106 52, 56.
6100161001 1001.
610016601106 1005.

tiuohbeini 330,1005.

6161116601 602.
titubator 1005.
tityri 199.
Τ1611100 277.
t-nigrum 343.
603060616 9.
Το11110106 673.
6016006 463.
60160006 778.
6011100 1005.

6001606066 490, 513.
60106060606 153, 490,

513.
tongum. 503.
tonsus 635.
60106601 593, 1005.
6010060606 839.
60106 1005.
torpens 364.

06661ομ6 111016001166101001. 111.

torpidus 1005.

torquatus 1005,’1006.

601601 1006.
60111006 874, 1006.
torvus 268, 793.
Το6110106616 1040.

6064101006ἰί 451, 593,

666, 1666.

6066060116 59, 1006.

606601 1006.

tournieri 164, 1675.

6011066οᾱ11 667.
Τοιορ110111166 418.
Tnehyarus 769.
Τ16011γ1161106 208.
Tmhydermatinae
207.
Τ16011γο061066 177.

, 6161111γο060οι 171.

Τ160117110606 178.
616011γοοω 171.

Traohysphyru· 679.

tragicus 1006.
Τ160066016 107.

61αο61086 113, 114,
272, 546, 635, 663.

transgressa 451.
6160616οι
268, 1054.
616061116 667.
6160616011οε 1024.
translucens 302.
transversa 503.
6160616166116 416,
459.
61606161601 1006.

transversum-intus
548.

transversus 593, 790,

1027.

Τ16116600016 281.
’1166116111 126.

Trematopygu· 272,

276, 266, 366.
trentepohlii 1020.

trepidus 593, 734,

7 1.
Troius ⁶⁷0.
Treveris 508.
6116166606 820.

triangulare 43.

165, 153,

1137

6116ος01616ωο016-
606 199.
triangularis 43, 364,
451.
611603016601 839.
611608016601106 332,
343.
triangulam 376.
61160811111616 418,
1054.
triangulum 1666.
triaunulatns303,503,
668.
tribulator 734.
Tricamptus 344.
611061106606 215 221,
222.
611011106οω6 777.
Τ110110061γ1111116 323.
Τ110110061γο11006323.
6110000610ρί 668.
Triehooryptus 701.
Τ110110161106 7 79.
Τ1101101100111 701.
Trichomutix 242.
Τ1101101111116 173.
trichophthalma 525.
611011001161161111116 525.
6110110116 28, 696.
6110110006 1006.
6110111οω06 548.
6110111006 813.
trinium 35, 121,122,
416, 426, 451.
611010060ήο6 1006.
611011106οω 554.
6110100606 28, 121,
251,366,553,554,
635, 1666, 1654.
tricingulata 461, 462.
6110103016606 790.
Τ110116606 217.
61100101 63, 86, 171,
166,242,276,264,
362, 424, 436, 446,
451, 477, 533, 535,
533,551,503‚335,
638, 668, 678, 709,
636, 616, 1666,
1626, 1621, 1654,
1027.

72

